1 22
1 26
2 22
2 42
2 44
2 45
2 51
2 52
2 54
2 55
2 56
2 57
2 60
2 62
2 63
2 65
2 67
2 68
2 69
2 71
2 72
2 74
2 75
2 76
2 82
2 84
2 85
3 22
3 39
3 116
3 117
3 118
3 124
3 127
4 22
5 115
6 27
6 28
6 36
6 38
6 41
6 47
6 53
6 54
6 56
6 57
6 64
6 66
6 72
6 77
6 83
7 27
7 39
8 9
8 27
8 39
8 46
8 51
8 53
8 54
8 55
8 56
8 58
8 59
8 60
8 62
8 63
8 65
8 67
8 68
8 69
8 71
8 76
8 79
8 82
8 84
9 6
9 25
9 29
9 32
9 33
9 34
9 35
9 42
9 44
9 45
9 51
9 53
9 54
9 55
9 58
9 62
9 63
9 65
9 67
9 68
9 69
9 71
9 76
9 79
9 82
9 84
9 86
9 91
10 27
10 84
10 91
11 25
11 27
11 39
11 46
11 91
12 25
12 27
12 28
12 29
12 32
12 33
12 35
12 37
12 44
12 45
13 25
13 39
13 46
14 115
15 27
15 39
15 46
15 92
15 103
15 108
15 115
15 116
16 6
16 9
16 25
16 28
16 72
16 73
16 75
16 76
16 77
16 82
16 84
16 85
16 92
16 103
16 108
16 115
16 116
17 6
17 9
17 25
17 28
17 39
17 46
17 71
18 32
18 33
18 35
18 37
18 45
18 49
18 52
18 54
18 56
18 58
18 62
18 65
18 66
18 67
18 68
18 69
18 72
18 76
18 116
18 123
19 22
19 25
19 28
19 39
19 46
19 115
20 6
20 22
20 25
20 28
20 39
20 46
21 25
21 28
21 39
21 46
21 71
21 84
22 27
22 35
22 39
22 41
22 44
22 47
22 48
22 71
23 22
23 27
23 28
23 39
23 84
24 6
24 9
24 39
24 47
24 48
24 50
24 54
24 56
24 57
24 68
24 71
24 79
24 90
25 3
25 6
25 7
25 10
25 13
25 14
25 17
25 18
25 19
25 21
25 23
25 24
25 27
25 39
25 84
25 115
26 9
26 22
26 28
26 39
26 40
26 41
26 44
26 45
26 47
26 48
26 50
26 51
26 54
26 56
26 57
26 68
26 70
26 71
26 75
26 79
26 90
26 91
26 92
26 97
26 109
26 111
26 113
27 71
28 4
28 9
28 71
29 28
29 29
29 33
29 36
29 37
29 39
29 40
29 41
29 44
29 47
29 48
29 53
29 55
29 58
29 71
29 76
29 84
29 92
30 71
30 84
31 3
31 22
31 43
31 44
31 45
31 49
31 50
31 51
31 53
31 54
31 55
31 56
31 57
31 58
31 59
31 62
31 63
31 65
31 66
31 68
31 69
31 70
31 71
31 76
31 77
31 82
31 84
31 86
31 89
31 90
31 92
31 115
32 37
32 44
32 45
32 49
32 50
32 51
32 53
32 54
32 55
32 57
32 59
32 62
32 65
32 66
32 69
32 70
32 71
32 76
32 77
32 84
32 86
32 90
32 94
32 96
32 104
32 108
32 110
32 111
32 115
33 92
34 4
34 9
34 22
34 71
34 92
35 66
35 69
35 70
35 71
35 77
35 86
35 90
36 3
36 32
36 43
36 60
36 71
36 84
36 90
36 107
36 115
37 32
37 43
37 71
37 92
38 22
38 32
38 43
38 71
38 99
38 102
38 103
38 104
38 105
38 106
38 108
38 110
38 111
38 112
38 116
38 117
38 118
39 92
39 98
39 115
39 118
40 71
40 116
40 118
40 120
41 4
41 9
41 32
41 35
41 38
41 41
41 42
41 43
41 44
41 45
41 47
41 48
41 49
41 50
41 51
41 52
41 53
41 54
41 55
41 56
41 57
41 58
41 59
41 60
41 61
41 62
41 63
41 65
41 66
41 67
41 68
41 69
41 70
41 71
41 72
41 73
41 75
41 76
42 22
42 32
42 35
42 43
42 71
42 76
42 92
42 98
43 32
43 35
43 43
43 55
43 56
43 57
43 58
43 59
43 61
43 62
43 63
43 65
43 66
43 71
43 73
43 75
43 84
43 92
43 98
44 4
44 9
44 43
44 50
44 52
44 53
44 55
44 57
44 59
44 60
44 66
44 71
44 92
44 98
44 107
44 115
44 118
44 120
44 123
45 32
45 35
45 43
45 50
45 55
45 80
45 81
45 82
45 83
45 85
45 87
45 88
45 89
45 91
45 92
45 94
45 96
45 98
45 99
45 100
45 102
45 103
45 104
45 105
45 106
45 107
45 108
45 110
45 115
45 116
45 118
45 120
45 123
46 35
46 50
46 81
46 83
46 84
46 90
46 98
46 115
46 116
46 119
46 121
46 124
47 3
47 22
47 32
47 35
47 43
47 55
47 67
47 75
47 80
47 84
47 90
47 92
47 98
48 43
48 50
48 55
48 60
48 67
48 68
48 70
48 71
48 75
48 76
48 80
48 81
48 82
48 83
48 84
48 89
48 90
48 91
48 98
48 103
48 116
48 118
48 120
48 124
49 22
49 32
49 35
49 43
49 50
49 55
49 60
49 67
49 68
49 71
49 80
49 84
49 90
49 92
49 98
49 105
50 28
50 29
50 30
50 31
50 32
50 35
50 36
50 37
50 39
50 40
50 41
50 42
50 43
50 44
50 45
50 46
50 47
50 48
50 49
50 50
50 51
50 52
50 53
50 54
50 55
50 56
50 57
50 58
50 59
50 61
50 65
50 80
51 80
51 92
51 105
51 116
51 118
51 120
51 124
52 32
52 35
52 43
52 55
52 68
52 80
52 118
52 124
53 32
53 35
53 43
53 55
53 80
53 92
54 35
54 43
54 55
54 67
54 68
54 70
54 74
54 76
54 80
54 81
54 83
54 84
54 87
54 88
54 91
54 92
54 98
55 32
55 35
55 55
55 67
55 75
55 80
55 84
55 90
55 92
55 95
55 98
55 117
56 3
56 32
56 35
56 43
56 55
56 75
56 80
56 84
56 87
56 88
56 91
56 92
56 98
56 117
57 25
57 47
57 49
57 50
57 53
57 54
57 55
57 84
57 90
57 95
57 99
57 127
57 128
58 3
58 115
58 116
58 117
58 118
58 120
58 124
58 128
59 43
59 50
59 55
59 56
59 84
59 92
59 116
59 118
59 120
59 124
59 128
60 32
60 35
60 43
60 50
60 55
60 56
60 60
60 67
60 68
60 71
60 75
60 80
60 84
60 90
60 95
60 99
60 100
60 101
60 102
60 105
60 107
60 108
60 110
60 115
60 116
60 122
60 123
61 3
61 91
61 94
61 96
61 97
61 100
61 101
61 103
61 106
61 108
61 109
61 110
61 111
61 114
61 115
61 117
61 118
61 121
61 127
62 25
62 31
62 32
62 35
62 40
62 41
62 44
62 47
62 48
62 52
62 53
62 54
62 55
62 56
62 57
62 61
62 62
62 63
62 65
62 66
62 67
62 70
62 74
62 75
62 76
62 80
62 82
62 84
62 89
62 92
62 95
62 99
62 116
62 118
62 120
62 124
62 127
63 4
63 55
63 67
63 68
63 71
63 80
63 82
63 89
63 92
63 117
63 123
64 43
64 50
64 56
64 78
64 80
64 82
64 84
64 89
65 55
65 78
65 80
65 84
65 89
65 90
65 92
65 93
65 94
65 95
65 96
65 99
65 100
65 101
65 102
65 105
65 108
65 110
65 115
65 116
65 117
65 118
65 120
65 124
65 127
66 56
66 78
66 84
66 89
66 115
66 118
66 124
66 127
67 2
67 5
67 10
67 25
67 28
67 30
67 31
67 34
67 40
67 41
67 42
67 43
67 44
67 45
67 46
67 47
67 48
67 50
67 52
67 53
67 54
67 55
67 56
67 57
67 58
67 59
67 60
67 61
67 63
67 65
67 66
67 67
67 68
67 70
67 71
67 73
67 74
67 75
67 76
67 78
67 79
67 80
67 81
67 83
67 84
67 85
67 87
67 88
67 89
67 90
67 91
67 92
67 94
67 95
67 96
67 97
67 98
67 99
67 100
67 101
67 102
67 103
67 105
67 106
67 107
67 108
67 115
68 80
68 89
69 50
69 55
69 60
69 76
69 77
69 78
69 79
69 80
69 81
69 83
69 84
69 85
69 87
69 88
69 89
69 91
69 92
69 94
69 95
69 96
69 97
69 98
69 99
69 100
69 101
69 102
69 103
69 105
69 106
69 107
69 108
69 110
69 112
69 115
69 116
69 120
69 122
69 124
69 127
70 1
70 56
70 75
70 78
70 80
70 84
70 89
70 90
70 95
70 99
70 105
70 108
70 113
71 35
71 36
71 41
71 42
71 48
71 49
71 51
71 53
71 54
71 55
71 56
71 58
71 59
71 61
71 66
71 67
71 69
71 70
71 71
71 72
71 73
71 76
71 78
71 80
71 81
71 84
71 95
72 1
72 3
72 12
72 55
72 67
72 76
72 78
72 80
72 89
72 108
72 113
73 25
73 31
73 43
73 44
73 48
73 50
73 53
73 54
73 55
73 57
73 60
73 61
73 63
73 65
73 66
73 68
73 70
73 76
73 77
73 80
73 81
73 82
73 84
73 85
73 87
73 89
73 108
73 113
73 127
74 1
74 3
74 12
74 55
74 76
74 80
74 89
74 123
75 1
75 43
75 50
75 55
75 60
75 67
75 68
75 76
75 78
75 80
75 82
75 87
75 95
75 99
75 108
76 76
76 78
76 80
76 89
77 78
77 80
77 89
78 53
78 55
78 56
78 59
78 70
78 76
78 78
78 80
78 99
78 108
79 56
79 75
79 76
79 78
79 80
79 82
79 87
79 89
79 90
79 95
79 99
79 105
79 108
79 113
79 123
80 1
81 3
81 43
81 46
81 49
81 53
81 59
81 67
81 70
81 76
81 80
81 90
81 106
81 108
81 110
82 1
82 4
82 76
82 78
82 80
82 87
82 89
82 90
82 95
82 99
82 105
82 108
82 113
82 120
83 32
83 55
83 62
83 65
83 66
83 67
83 70
83 73
83 74
83 76
83 77
83 80
83 81
83 84
83 85
83 88
83 89
83 91
83 92
83 105
83 108
83 113
84 1
84 12
84 89
84 95
84 99
84 105
84 108
84 113
85 103
85 105
85 106
85 107
85 108
85 109
85 110
85 112
85 113
85 114
86 23
86 32
86 55
86 62
86 67
86 68
86 76
86 80
86 89
87 4
87 12
87 23
87 32
87 55
87 62
87 67
87 68
87 76
87 80
87 82
87 89
87 101
87 108
88 55
88 62
88 67
88 68
88 117
89 1
89 4
89 76
89 80
89 89
89 93
89 95
89 99
89 105
89 108
90 75
90 78
90 87
90 90
90 93
90 95
90 99
90 102
90 105
90 108
90 113
90 117
90 120
91 12
91 20
91 23
91 55
91 57
91 59
91 64
91 66
91 70
91 73
91 75
91 76
91 78
91 80
91 81
91 83
91 87
91 90
91 92
91 93
91 94
91 95
91 108
91 117
92 1
92 78
92 93
92 108
92 113
92 117
92 120
93 56
93 75
93 78
93 87
93 90
93 93
93 108
93 113
93 117
93 120
94 20
94 49
94 56
94 57
94 59
94 64
94 70
94 78
94 89
94 108
94 113
94 117
95 1
95 12
95 56
95 76
95 78
95 80
95 87
95 89
95 90
95 93
95 99
95 105
95 108
95 113
95 117
95 120
96 1
96 12
96 23
96 32
96 60
96 62
96 67
96 68
96 76
96 80
96 89
96 108
97 1
97 32
97 62
97 67
97 76
97 80
97 89
98 23
98 32
98 62
98 67
98 68
98 76
98 80
98 89
99 3
99 23
99 67
99 68
99 76
99 78
99 80
99 82
99 89
99 101
99 117
100 12
100 23
100 67
100 76
100 78
100 80
100 89
100 93
101 23
101 32
101 56
101 60
101 62
101 67
101 68
101 76
101 78
101 80
101 90
101 92
101 93
101 95
101 96
101 97
101 99
101 100
101 101
101 102
101 103
101 106
101 108
102 23
102 80
102 101
103 56
103 78
103 80
103 87
103 93
103 99
103 101
103 108
104 64
104 76
104 80
104 108
105 49
105 54
105 78
105 87
105 90
105 93
105 99
105 105
105 108
105 113
106 12
106 23
106 62
106 67
106 70
106 73
106 80
106 81
106 93
106 105
106 108
106 113
106 120
107 12
107 23
107 56
107 60
107 61
107 71
107 73
107 74
107 76
107 77
107 78
107 80
107 93
107 108
107 113
108 74
108 80
108 92
108 102
108 108
108 113
109 57
109 64
109 67
109 68
109 80
109 81
109 90
109 92
109 93
109 99
109 101
109 108
109 113
109 120
110 74
110 93
110 108
111 64
111 65
111 66
111 67
111 70
111 73
111 80
111 81
111 92
111 93
111 102
111 106
112 68
112 93
112 108
112 113
113 80
113 81
113 84
113 85
113 92
113 102
113 104
113 105
113 106
113 109
114 108
115 12
115 16
115 17
115 18
115 19
115 22
115 24
115 26
115 27
115 29
115 31
115 36
115 38
115 42
115 43
115 46
115 48
115 49
115 54
115 55
115 56
115 57
115 58
115 59
115 60
115 61
115 62
115 63
115 64
115 65
115 66
115 67
115 69
115 70
115 73
115 76
115 81
115 84
115 92
115 108
116 108
117 101
117 108
118 76
119 23
119 74
119 105
119 106
124 27
124 31
124 42
124 43
124 46
124 49
124 54
124 55
124 56
124 57
124 59
124 60
124 61
124 64
124 65
124 67
124 71
124 74
